CHR	RS	PS	alpha	beta	gamma	abs.beta.g
1	S1_1214920	1214920	-0.00098131422	-0.22975639	0.0151797	0.003487633073283
1	S1_1214931	1214931	-0.00096020677	-0.22425273	0.0135364	0.003035574654372
1	S1_1240136	1240136	0.00054337472	0.28605255	0.00505605	0.0014462959954275
1	S1_3077058	3077058	-0.00097934438	-0.27051794	0.02697905	0.007298317029157
1	S1_3892010	3892010	0.00081624404	0.22597935	0.0073264	0.00165561510984
1	S1_3899344	3899344	0.00084668928	0.23106601	0.00915605	0.0021156519408605
1	S1_4054420	4054420	-0.00093455343	-0.21586407	0.008577	0.00185146612839
1	S1_4067364	4067364	-0.0010637272	-0.29462393	0.06354205	0.0187210084912565
1	S1_4067377	4067377	-0.0010492161	-0.28281229	0.05326815	0.0150648874855635
1	S1_4067389	4067389	0.0007551076	0.2241433	0.00643585	0.001442552657305
1	S1_4067535	4067535	-0.0010987679	-0.27910967	0.06582045	0.0183711240787515
1	S1_4067555	4067555	-0.00104169402	-0.2594833	0.0333118	0.00864385579294
1	S1_4067566	4067566	0.00092258176	0.18725392	0.0074501	0.001395060429392
1	S1_11232641	11232641	0.00097479676	0.26660171	0.0232205	0.006190625007055
1	S1_11232642	11232642	0.00092660452	0.24177544	0.0146459	0.003541018916696
1	S1_12366306	12366306	-0.00053654024	-0.32935781	0.00541765	0.0017843453393465
1	S1_14392068	14392068	-0.00091753438	-0.20064282	0.0075947	0.001523822025054
1	S1_14392070	14392070	-0.0009090121	-0.19382531	0.007665	0.00148567100115
1	S1_17362727	17362727	-0.000846874	-0.2083385	0.0070114	0.0014607445589
1	S1_18685723	18685723	0.00053669378	0.33350255	0.00636405	0.0021224269033275
1	S1_21489026	21489026	0.00084296941	0.28316136	0.0169384	0.004796300380224
1	S1_55464136	55464136	-0.00071001753	-0.27587133	0.00955305	0.0026354126090565
1	S1_59821441	59821441	0.00071880988	0.3115716	0.01510385	0.00470593071066
1	S1_66889019	66889019	0.00082038344	0.20634653	0.00767665	0.0015840500895245
1	S1_69279002	69279002	-0.0007995916	-0.29135889	0.0134103	0.003907210122567
1	S1_69424502	69424502	0.00059716486	0.31565281	0.00645515	0.0020375862364715
1	S1_69997194	69997194	-0.00060362406	-0.33363929	0.00796185	0.0026563859810865
1	S1_70293595	70293595	-0.00065743289	-0.29165397	0.00667025	0.0019454048933925
1	S1_75246453	75246453	-0.00066823119	-0.25936935	0.006075	0.00157566880125
1	S1_78715996	78715996	-0.00076997909	-0.22921328	0.00821075	0.00188201293876
1	S1_78787985	78787985	-0.00073274685	-0.22021664	0.0063723	0.001403286495072
2	S2_5549003	5549003	-0.00062287251	-0.3819108	0.01194315	0.00456121797102
2	S2_5549006	5549006	-0.0006261372	-0.39094636	0.01307185	0.005110392175966
2	S2_8050396	8050396	0.00081116173	0.21760999	0.0069021	0.001501965911979
2	S2_8050601	8050601	0.00090772793	0.26327813	0.0180437	0.004750511594281
2	S2_8148490	8148490	0.00084194809	0.21758654	0.0079524	0.001730335200696
2	S2_8149412	8149412	0.00100502764	0.26916239	0.0318694	0.008578043871866
2	S2_8150200	8150200	0.0008669634	0.21473951	0.0080218	0.001722597401318
2	S2_8230798	8230798	0.00088035636	0.26425621	0.01625325	0.0042950222451825
2	S2_8341847	8341847	0.00080938574	0.22613892	0.0080125	0.0018119380965
2	S2_8344824	8344824	0.00080856316	0.22142672	0.0077686	0.001720175616992
2	S2_12326141	12326141	-0.0007891579	-0.24593059	0.0088528	0.002177174327152
2	S2_14017432	14017432	0.00067687488	0.25464397	0.00728535	0.0018551704468395
2	S2_46453208	46453208	-0.00077312161	-0.22867045	0.00772275	0.0017659647177375
2	S2_50216014	50216014	-0.00059676372	-0.27654124	0.0053572	0.001481486730928
2	S2_56295918	56295918	0.00060764352	0.26070115	0.0057235	0.001492123032025
2	S2_56295922	56295922	0.00061149007	0.273304	0.0056489	0.0015438669656
2	S2_57448311	57448311	-0.00068627733	-0.29840694	0.00934325	0.002788090642155
2	S2_60383083	60383083	-0.0008171581	-0.22742034	0.00802445	0.001824923147313
2	S2_60542309	60542309	0.00085707573	0.20309932	0.00915965	0.001860318686438
2	S2_61913973	61913973	-0.0007343009	-0.34292688	0.0161234	0.005529147256992
2	S2_72583323	72583323	0.00085475865	0.23341441	0.01261415	0.0029443243799015
2	S2_72583327	72583327	0.000876971	0.25800422	0.0175751	0.004534449966922
2	S2_74766937	74766937	0.00077126711	0.21401212	0.00687025	0.00147031676743
2	S2_76051959	76051959	-0.00058985239	-0.27653343	0.0052901	0.001462889498043
3	S3_2956682	2956682	-0.0011205806	-0.24867634	0.0368131	0.009154546972054
3	S3_4311315	4311315	-0.00064006039	-0.2990923	0.0080153	0.00239731451219
3	S3_4448909	4448909	-0.00058312758	-0.32951323	0.00568585	0.0018735627987955
3	S3_5858025	5858025	-0.00059024584	-0.3228161	0.00841665	0.002717030128065
3	S3_8834779	8834779	-0.0005517048	-0.35418244	0.00699485	0.002477453040434
3	S3_28917530	28917530	0.00096708467	0.18708788	0.0076037	0.001422560113156
3	S3_28917536	28917536	0.00100637036	0.19019002	0.01043215	0.001984090817143
3	S3_28917558	28917558	0.0010015512	0.18556239	0.0088748	0.001646829098772
3	S3_38803056	38803056	-0.00057139539	-0.29895777	0.00546555	0.0016339686398235
3	S3_54995910	54995910	-0.00087692357	-0.20779152	0.00801575	0.00166560487644
3	S3_59141696	59141696	-0.00079166776	-0.24721025	0.00877475	0.0021692081411875
3	S3_73940331	73940331	-0.00084263723	-0.23444236	0.0098995	0.00232086214282
4	S4_3111157	3111157	0.00090295567	0.18991685	0.0080969	0.001537737742765
4	S4_4638397	4638397	0.0010760699	0.1705862	0.00972605	0.00165912991051
4	S4_4638445	4638445	0.0010439946	0.17730574	0.00809335	0.001434997410829
4	S4_47684136	47684136	-0.0009213645	-0.22260753	0.01140715	0.0025393174858395
4	S4_52816241	52816241	0.00078717258	0.20110868	0.00694	0.0013956942392
4	S4_52874795	52874795	-0.00082963043	-0.24588656	0.01110715	0.002731098904904
4	S4_54217173	54217173	-0.00094011275	-0.24706407	0.0185391	0.004580345500137
4	S4_57438757	57438757	0.00062033145	0.2932113	0.0064875	0.00190220830875
4	S4_58758257	58758257	0.00093710045	0.23880705	0.01412465	0.0033730659987825
4	S4_58758300	58758300	0.00093803873	0.23977216	0.014706	0.00352608938496
4	S4_61606934	61606934	-0.00090543595	-0.2772806	0.0231491	0.00641879633746
4	S4_61674148	61674148	-0.00083813472	-0.20391323	0.00711395	0.0014506285225585
4	S4_61700071	61700071	-0.000906937	-0.2374129	0.01219005	0.002894075121645
4	S4_61700456	61700456	-0.00097738038	-0.27595116	0.03185455	0.008790300023778
4	S4_62358220	62358220	0.00099472749	0.21861237	0.0143022	0.003126637838214
5	S5_2668944	2668944	-0.00076806974	-0.25131659	0.0084622	0.002126691247898
5	S5_5157247	5157247	0.00102593488	0.19650278	0.0120931	0.002376327768818
5	S5_5587854	5587854	-0.00062612822	-0.40979499	0.0147958	0.006063244713042
5	S5_15021902	15021902	-0.00063598202	-0.25810697	0.0065311	0.001685722431767
5	S5_24573964	24573964	-0.00080731987	-0.23692906	0.0087059	0.002062680703454
5	S5_68204749	68204749	-0.00071401128	-0.23454301	0.00683145	0.0016022688456645
5	S5_69851828	69851828	-0.0010996629	-0.21075694	0.0202361	0.004264898513534
5	S5_69851837	69851837	-0.00099846838	-0.18340508	0.0091914	0.001685749452312
5	S5_70957448	70957448	-0.0009043221	-0.20087646	0.00877285	0.001762259052111
6	S6_246208	246208	0.00072474963	0.26498648	0.0077434	0.002051896309232
6	S6_1306485	1306485	-0.00098022189	-0.18554326	0.00828095	0.001536474458897
6	S6_1541826	1541826	-0.00086498492	-0.21557766	0.00913305	0.001968881547663
6	S6_11624622	11624622	-0.00058856045	-0.27875056	0.0049869	0.001390101167664
6	S6_12114787	12114787	-0.00065782503	-0.30266827	0.00900335	0.0027250283687045
6	S6_12195170	12195170	-0.00055816069	-0.27926512	0.0051268	0.001431736417216
6	S6_40693879	40693879	-0.00076366259	-0.37733547	0.0266472	0.010054933736184
6	S6_46082976	46082976	0.00087874818	0.20438638	0.0071548	0.001462343671624
6	S6_55442704	55442704	-0.00055195548	-0.32252504	0.00495955	0.001599579062132
6	S6_57054670	57054670	-0.00062567988	-0.48087612	0.01866395	0.008975047859874
6	S6_59285652	59285652	0.00093007752	0.18539092	0.00781835	0.001449451099382
7	S7_962862	962862	0.0009766023	0.20524729	0.0113927	0.002338320800783
7	S7_8885183	8885183	-0.00066988377	-0.25277039	0.0060428	0.001527440912692
7	S7_56400581	56400581	0.0008378416	0.25323855	0.0154455	0.003911396024025
7	S7_56436760	56436760	0.00079071347	0.2145522	0.0067319	0.00144434395518
7	S7_57138646	57138646	0.00080030289	0.22390014	0.00713565	0.001597673033991
7	S7_64454030	64454030	0.00076415239	0.30916813	0.01371255	0.0042394834410315
7	S7_64454050	64454050	0.00075767689	0.30117879	0.01355925	0.0040837585083075
7	S7_64454423	64454423	0.0007100068	0.27088786	0.0081347	0.002203591474742
7	S7_64454467	64454467	0.00070771669	0.27036713	0.0085205	0.002303663131165
8	S8_2216464	2216464	-0.0005913215	-0.35134736	0.008088	0.00284169744768
8	S8_10696184	10696184	-0.00078243078	-0.25123585	0.0098715	0.002480074693275
8	S8_51347573	51347573	-0.00067997565	-0.2337109	0.0058459	0.00136625055031
8	S8_51422842	51422842	-0.00071115068	-0.24520759	0.00744985	0.0018267597643615
8	S8_51714387	51714387	-0.0009144531	-0.20407323	0.00884865	0.0018057725866395
8	S8_51714391	51714391	-0.00089414406	-0.19770842	0.00778455	0.001539071080911
8	S8_51715166	51715166	-0.00093703413	-0.25385543	0.0215051	0.005459186407693
8	S8_51719704	51719704	-0.00101445685	-0.27840168	0.0466455	0.01298618556444
8	S8_51720767	51720767	-0.00101628052	-0.30520117	0.06408745	0.0195595647223165
8	S8_51721062	51721062	-0.00098557788	-0.30044081	0.05254765	0.0157874585295965
8	S8_51721065	51721065	-0.00094695624	-0.28718202	0.0390311	0.011209030140822
8	S8_51726098	51726098	-0.00098620279	-0.29534072	0.05137595	0.015173410063684
8	S8_57304100	57304100	-0.00077410737	-0.22172273	0.00659215	0.0014616294945695
8	S8_59121722	59121722	-0.001128741	-0.2812877	0.0639456	0.01798711074912
8	S8_59121837	59121837	0.00084639402	0.22308703	0.00961155	0.0021442121431965
8	S8_59543631	59543631	0.00091952677	0.19651472	0.00726435	0.001427551706232
8	S8_60600489	60600489	-0.00057612455	-0.28860411	0.00631125	0.0018214526892375
9	S9_4840867	4840867	-0.00091950828	-0.21376286	0.008834	0.00188838110524
9	S9_10460625	10460625	-0.0009578093	-0.22255635	0.01364995	0.0030378830496825
9	S9_10747718	10747718	-0.00088242263	-0.23420932	0.0112839	0.002642794545948
9	S9_32598909	32598909	-0.00077271879	-0.21426771	0.006568	0.00140731031928
9	S9_47880205	47880205	-0.00068676187	-0.22906265	0.0059534	0.00136370158051
9	S9_54057062	54057062	-0.00072657045	-0.24378018	0.0071856	0.001751706861408
10	S10_9257471	9257471	-0.00063497554	-0.29796032	0.00829475	0.00247150636432
10	S10_9257621	9257621	-0.00065963075	-0.50478076	0.03092295	0.015609310202442
10	S10_9257660	9257660	-0.00065626311	-0.49896328	0.03004205	0.014989879805924
10	S10_17959029	17959029	0.00064331178	0.24153319	0.0060461	0.001460333820059
10	S10_56989266	56989266	0.00080467174	0.28037659	0.01546275	0.0043353931170225
10	S10_60139229	60139229	0.00048017962	0.34547272	0.00431555	0.001490904796796
10	S10_60757121	60757121	-0.00085798188	-0.22670115	0.01024945	0.0023235621018675
